4 10 3
2.575 2.807 1.524 -0.275 -0.482
4.540 5.316 5.420 0.186 1.599
7.026 1.067 0.733 0.676 0.513
-0.510 1.196 0.662 1.900 1.423
-0.761 1.246 0.577 1.692 0.810
5.123 0.744 0.373 0.624 0.122
3.375 3.868 3.773 -0.703 0.831
6.448 0.342 1.089 0.787 0.608
4.704 6.546 3.809 -2.108 -1.269
-0.896 0.980 1.036 1.069 1.199
-0.403 -0.741 -3.344 1.152 1.706 1.094 0.330 -5.084 1.052 -2.361 0.877
5.272 2.628 4.334 4.049 -1.699 -2.519 3.309 4.081 4.081 4.870 -2.039
2.243 -2.093 5.885 3.857 0.134 -0.873 2.521 1.480 3.195 -6.584 -0.230
